TYPIST_1,11.275016442732312,0.8857142857142857,1,2
TYPIST_2,11.275016442732312,0.9393939393939394,2,1
TYPIST_3,11.275016442732312,0.9393939393939394,2,3
---
TYPIST_1,5.199982666724444,0.6458333333333334,1,3
TYPIST_2,5.199982666724444,0.8857142857142857,5,1
TYPIST_3,5.199982666724444,0.8157894736842105,2,2
---
TYPIST_1,20.77405952219663,0.9307692307692308,5,1
TYPIST_2,20.77405952219663,0.8066666666666666,7,3
TYPIST_3,20.77405952219663,0.8066666666666666,3,2
---
TYPIST_1,41.37296965982225,0.9166666666666666,0,3
TYPIST_2,45.57731262660364,0.9565217391304348,1,2
TYPIST_3,46.36387052459861,0.9777777777777777,1,1
---
TYPIST_1,25.459845396011293,0.8461538461538461,4,2
TYPIST_2,35.25174342861522,0.952755905511811,13,1
TYPIST_3,9.994568169473112,0.5307017543859649,6,3
---
TYPIST_1,39.2916120949832,0.9603174603174603,9,2
TYPIST_2,42.18893304799755,0.937984496124031,2,1
TYPIST_3,37.782340862423,0.9307692307692308,6,3
---
TYPIST_1,34.89254108723135,0.9166666666666666,10,3
TYPIST_2,37.15670436187399,0.937984496124031,5,1
TYPIST_3,36.75883011027649,0.937984496124031,8,2
---
